0 0.282943 0.304398 0.031510 0.110648
0 0.124219 0.262963 0.018750 0.079630
0 0.211458 0.426157 0.031250 0.104167
0 0.368620 0.173148 0.020052 0.071296
0 0.382292 0.204630 0.016667 0.075000
0 0.479948 0.319907 0.026042 0.084259
0 0.562630 0.324537 0.029948 0.084259
0 0.518880 0.403472 0.041406 0.094907
0 0.473958 0.442593 0.035417 0.080556
0 0.467839 0.561574 0.039323 0.104630
0 0.607031 0.526389 0.040104 0.122222
1 0.561328 0.363889 0.011198 0.020370
0 0.766927 0.215972 0.032813 0.073611
0 0.830208 0.210648 0.030729 0.076852
0 0.985807 0.305093 0.028385 0.087963
