0 0.075260 0.280787 0.031250 0.077315
0 0.240104 0.302083 0.028646 0.106019
0 0.199089 0.428472 0.046615 0.104167
0 0.293490 0.170833 0.019271 0.068519
0 0.308984 0.191667 0.017969 0.072222
0 0.442188 0.246296 0.026562 0.087037
0 0.552995 0.260417 0.029427 0.077315
0 0.541016 0.317593 0.026823 0.067593
0 0.519922 0.377546 0.032552 0.094907
0 0.537630 0.480787 0.037240 0.099537
1 0.574089 0.292593 0.008594 0.015741
0 0.671875 0.418519 0.030729 0.105556
0 0.698828 0.154167 0.024740 0.075926
0 0.740365 0.115741 0.028646 0.075000
0 0.879818 0.190046 0.031510 0.078241
0 0.925651 0.270139 0.029427 0.098611
0 0.983203 0.357870 0.033594 0.105556
