0 0.051823 0.317361 0.021875 0.077315
0 0.198828 0.437500 0.034115 0.096296
0 0.213411 0.322685 0.031510 0.097222
0 0.242839 0.191667 0.022135 0.076852
0 0.265104 0.211806 0.030729 0.074537
0 0.413802 0.218981 0.021875 0.075000
0 0.547917 0.233102 0.026042 0.086574
0 0.553906 0.269907 0.019271 0.062963
0 0.540365 0.337731 0.030729 0.091204
0 0.575391 0.427315 0.029948 0.089815
0 0.683203 0.330093 0.033594 0.097222
0 0.650911 0.129861 0.024740 0.074537
0 0.681120 0.091435 0.025260 0.066204
0 0.807292 0.148148 0.021354 0.071296
0 0.852083 0.207176 0.028125 0.077315
0 0.891927 0.271759 0.026042 0.080556
