0 0.141667 0.252778 0.029167 0.087963
0 0.209766 0.410880 0.020052 0.111574
0 0.288281 0.294444 0.023438 0.113889
0 0.392318 0.175694 0.017969 0.087500
0 0.399740 0.201852 0.019271 0.075926
0 0.482292 0.341667 0.018750 0.113889
0 0.461719 0.455787 0.026042 0.102315
0 0.445443 0.571528 0.044010 0.107870
0 0.505208 0.424769 0.026042 0.094907
0 0.559375 0.325694 0.038021 0.091204
0 0.579297 0.549074 0.048698 0.126852
0 0.784375 0.235648 0.028646 0.088889
0 0.852083 0.225463 0.030729 0.087963
1 0.570312 0.372685 0.013542 0.025926
