0 0.200000 0.234259 0.023438 0.084259
0 0.247526 0.389352 0.024740 0.101852
0 0.341016 0.284722 0.020573 0.097222
0 0.377734 0.573148 0.040885 0.109259
0 0.429036 0.475926 0.034115 0.085185
0 0.478255 0.484259 0.026823 0.092593
0 0.500521 0.584722 0.052604 0.105556
0 0.481120 0.392824 0.027344 0.094907
0 0.470443 0.208796 0.022135 0.080556
0 0.474219 0.160185 0.021354 0.063889
0 0.596745 0.376852 0.029948 0.084259
1 0.593099 0.404167 0.014844 0.020370
0 0.850781 0.311111 0.029167 0.080556
0 0.937240 0.346065 0.044792 0.091204
