0 0.066536 0.287731 0.023177 0.069907
0 0.195312 0.430093 0.038021 0.105556
0 0.229818 0.296759 0.022656 0.097222
0 0.277604 0.163889 0.016667 0.080556
0 0.294531 0.199537 0.018750 0.075926
0 0.432812 0.228472 0.025521 0.091204
0 0.552344 0.246991 0.013542 0.085648
0 0.547917 0.304630 0.016667 0.070370
0 0.525651 0.357176 0.032031 0.090278
0 0.553255 0.456250 0.034115 0.107870
0 0.678125 0.386343 0.044792 0.095833
0 0.683854 0.142824 0.023958 0.065278
0 0.722656 0.100926 0.018750 0.054630
0 0.858724 0.165509 0.017448 0.060648
0 0.899609 0.247917 0.032031 0.099537
0 0.953255 0.321065 0.040885 0.107870
1 0.570052 0.283565 0.011458 0.023611
