0 0.219792 0.250463 0.030729 0.085185
0 0.085547 0.617130 0.037240 0.142593
0 0.117578 0.626157 0.038802 0.110648
0 0.376693 0.288426 0.018490 0.095370
0 0.344010 0.352546 0.030729 0.087500
0 0.345313 0.459954 0.025521 0.100463
0 0.583073 0.235648 0.023958 0.084259
0 0.630729 0.208102 0.016667 0.081944
0 0.706641 0.430324 0.032031 0.093981
0 0.839453 0.359722 0.025260 0.085185
0 0.992318 0.414815 0.014844 0.098148
0 0.513281 0.641435 0.026042 0.119907
0 0.493490 0.704630 0.033333 0.134259
1 0.152604 0.602315 0.014063 0.020370
