1 0.122266 0.656481 0.010677 0.028704
0 0.065885 0.667130 0.047396 0.125926
0 0.099870 0.681250 0.031510 0.111574
0 0.220443 0.255787 0.032031 0.074537
0 0.374740 0.286111 0.021354 0.101852
0 0.345573 0.353241 0.023438 0.100926
0 0.344010 0.469444 0.021354 0.110185
0 0.521875 0.636806 0.026042 0.117130
0 0.501172 0.715046 0.031510 0.124537
0 0.580729 0.236343 0.016667 0.073611
0 0.627474 0.220602 0.019531 0.073611
0 0.706510 0.433333 0.025521 0.097222
0 0.832161 0.356481 0.025260 0.084259
0 0.988672 0.408333 0.012760 0.101852
