0 0.097135 0.273611 0.026042 0.091667
0 0.204427 0.433333 0.033333 0.113889
0 0.260547 0.300463 0.034635 0.113889
0 0.332031 0.169676 0.018750 0.082870
0 0.349349 0.197685 0.026823 0.088889
0 0.464193 0.276620 0.024219 0.099537
0 0.553646 0.292593 0.033333 0.091667
0 0.530990 0.366667 0.033333 0.092593
0 0.496484 0.409491 0.027344 0.085648
0 0.505599 0.530556 0.037240 0.113889
0 0.650130 0.478935 0.040885 0.119907
0 0.735547 0.183796 0.024740 0.071296
0 0.786589 0.156019 0.032031 0.072222
0 0.938021 0.240972 0.026042 0.078241
0 0.979688 0.334259 0.029167 0.096296
1 0.579297 0.332870 0.008594 0.017593
