0 0.089193 0.276620 0.017969 0.081019
0 0.252214 0.301852 0.040885 0.100926
0 0.199089 0.428472 0.026823 0.102315
0 0.315234 0.171528 0.017448 0.069907
0 0.333203 0.198148 0.020052 0.071296
0 0.456120 0.262731 0.020052 0.081944
0 0.555339 0.279630 0.027344 0.075000
0 0.540625 0.347222 0.026042 0.093519
0 0.509245 0.390972 0.039323 0.091204
0 0.522656 0.510417 0.038021 0.102315
0 0.657422 0.451620 0.048698 0.093981
1 0.577604 0.315741 0.009375 0.021296
0 0.717578 0.174537 0.028906 0.083333
0 0.763411 0.141898 0.022656 0.053241
0 0.913151 0.218981 0.022135 0.076852
0 0.953646 0.311111 0.030729 0.087963
