0 0.218099 0.227083 0.028906 0.081944
0 0.353385 0.285417 0.018750 0.091204
0 0.264193 0.382176 0.020573 0.097685
0 0.493620 0.206481 0.017448 0.075926
0 0.497526 0.175000 0.015885 0.075000
0 0.611719 0.376852 0.026562 0.096296
0 0.481771 0.400463 0.026042 0.088889
0 0.419010 0.479630 0.035417 0.092593
0 0.376953 0.557870 0.024740 0.089815
0 0.499609 0.573380 0.045573 0.082870
0 0.470443 0.496759 0.039323 0.091667
0 0.870182 0.324537 0.036198 0.084259
0 0.956901 0.369213 0.046615 0.081019
1 0.608984 0.413194 0.010677 0.023611
