0 0.055599 0.689120 0.055990 0.145833
0 0.105339 0.709954 0.052865 0.111574
1 0.109245 0.673611 0.017969 0.025000
0 0.339974 0.339352 0.017448 0.087963
0 0.234115 0.264120 0.038021 0.074537
0 0.375000 0.299537 0.020833 0.088889
0 0.346354 0.465278 0.023438 0.101852
0 0.532292 0.626620 0.033333 0.106944
0 0.516016 0.713194 0.036719 0.128241
0 0.581380 0.237963 0.023177 0.075000
0 0.623828 0.220139 0.020052 0.081944
0 0.703906 0.432639 0.026562 0.106019
0 0.827083 0.345833 0.021875 0.088889
0 0.988542 0.397685 0.022917 0.100000
