0 0.058464 0.304398 0.029948 0.091204
0 0.195703 0.431481 0.036198 0.100926
0 0.220703 0.311574 0.027344 0.108333
0 0.255469 0.181713 0.021875 0.073611
0 0.277604 0.205787 0.023438 0.065278
0 0.422786 0.224306 0.026823 0.081019
0 0.550260 0.233796 0.023958 0.078704
0 0.552214 0.280093 0.032031 0.068519
0 0.537630 0.345370 0.020052 0.089815
0 0.563672 0.443750 0.045573 0.094907
0 0.684115 0.360880 0.028646 0.097685
0 0.666927 0.136343 0.026042 0.056944
0 0.703646 0.094907 0.026042 0.059259
0 0.832422 0.153241 0.017969 0.071296
0 0.870833 0.221991 0.023958 0.085648
0 0.923568 0.291898 0.032031 0.085648
