0 0.583333 0.237963 0.020833 0.087037
0 0.623698 0.209491 0.021354 0.081944
0 0.702604 0.429630 0.026562 0.104630
0 0.819141 0.341898 0.031510 0.085648
0 0.988021 0.387500 0.021875 0.088889
0 0.542318 0.616667 0.027865 0.098148
0 0.532552 0.699769 0.035417 0.119907
0 0.354297 0.474074 0.027344 0.105556
0 0.348047 0.349537 0.017448 0.096296
0 0.374349 0.293750 0.022135 0.095833
0 0.237240 0.260417 0.033333 0.069907
0 0.100260 0.760880 0.034896 0.128241
0 0.023177 0.734722 0.045833 0.147222
1 0.121615 0.624306 0.013542 0.023611
