1 0.574740 0.384028 0.009896 0.019907
0 0.150260 0.250926 0.021354 0.079630
0 0.221745 0.415509 0.036198 0.102315
0 0.300911 0.289583 0.019531 0.102315
0 0.408854 0.160417 0.009375 0.056944
0 0.413802 0.204861 0.021875 0.069907
0 0.487891 0.350694 0.022135 0.091204
0 0.565365 0.344213 0.030208 0.078241
0 0.449479 0.455787 0.030729 0.099537
0 0.498568 0.441435 0.035156 0.099537
0 0.428516 0.583333 0.039323 0.100926
0 0.566016 0.551852 0.046094 0.118519
0 0.798307 0.252083 0.027344 0.086574
0 0.871875 0.256944 0.032813 0.093519
